2.785851 3.269530 3.901138 3.760889 3.619496 5.022475 2.757505 3.962179 3.531975 3.635121
1.700462 3.191293 2.745654 1.759543 2.790658 3.192452 1.944774 2.530023 2.101615 2.389447
2.837069 4.706333 4.839285 3.714983 4.583311 5.541883 3.336213 4.580125 3.967446 3.782951
2.703931 3.843046 4.207700 3.554081 3.717867 5.316155 2.952030 4.187190 3.096873 4.340103
2.344303 3.216107 3.535055 2.866757 3.972678 4.798595 2.355240 3.241086 2.854667 3.195913
2.429659 4.209536 4.842139 3.977021 4.860873 5.790221 2.829554 4.512272 3.231533 4.046171
2.735774 3.042943 3.283535 3.202836 3.060948 4.710123 2.916757 3.728460 3.114706 3.323045
2.174497 2.524686 2.658204 2.317295 2.851829 3.748911 2.099603 3.260698 2.256739 2.578543
2.383897 3.944743 3.463073 2.483570 3.915288 4.444366 2.973839 3.533055 2.802421 3.612249
2.494791 4.374364 4.454865 3.485705 4.332174 5.528192 3.272834 4.329184 3.798142 3.436391
2.256963 3.407468 3.860169 3.256871 3.653658 5.165103 2.740201 4.180388 3.139584 3.103230
2.662783 3.977476 3.913442 3.135271 4.125606 4.542774 2.964414 3.751535 3.553530 3.968947
